# Hummer & Rybicki (1985) escape probability table, generated 2026-09-23
# by write_sirocco_data in HR1985_claude.py (f_beta_gamma_table_wide.txt)
# g = 0.5 beta F(beta) f(beta,gamma) (HR1985 eq. 2.30); the two-sided loss probability is A = 2 g
# 45 x 33 grid, log beta -11..0 step 0.25, log gamma -9..-1 step 0.25
# label  log_beta  log_gamma  log_g
HR1985 -11.000000  -9.000000   -10.34523246
HR1985 -11.000000  -8.750000   -10.35125663
HR1985 -11.000000  -8.500000   -10.35707586
HR1985 -11.000000  -8.250000   -10.36363678
HR1985 -11.000000  -8.000000   -10.37035798
HR1985 -11.000000  -7.750000   -10.37701076
HR1985 -11.000000  -7.500000   -10.38388584
HR1985 -11.000000  -7.250000   -10.39134076
HR1985 -11.000000  -7.000000   -10.39887368
HR1985 -11.000000  -6.750000   -10.40660992
HR1985 -11.000000  -6.500000   -10.41463192
HR1985 -11.000000  -6.250000   -10.42301357
HR1985 -11.000000  -6.000000   -10.43168745
HR1985 -11.000000  -5.750000   -10.44071651
HR1985 -11.000000  -5.500000   -10.45017318
HR1985 -11.000000  -5.250000   -10.46002360
HR1985 -11.000000  -5.000000   -10.47033229
HR1985 -11.000000  -4.750000   -10.48114281
HR1985 -11.000000  -4.500000   -10.49250563
HR1985 -11.000000  -4.250000   -10.50447950
HR1985 -11.000000  -4.000000   -10.51713328
HR1985 -11.000000  -3.750000   -10.53054816
HR1985 -11.000000  -3.500000   -10.54482109
HR1985 -11.000000  -3.250000   -10.56006869
HR1985 -11.000000  -3.000000   -10.57643335
HR1985 -11.000000  -2.750000   -10.59409127
HR1985 -11.000000  -2.500000   -10.61324748
HR1985 -11.000000  -2.250000   -10.63423714
HR1985 -11.000000  -2.000000   -10.65738481
HR1985 -11.000000  -1.750000   -10.68321543
HR1985 -11.000000  -1.500000   -10.71244489
HR1985 -11.000000  -1.250000   -10.74613521
HR1985 -11.000000  -1.000000   -10.78598759
HR1985 -10.750000  -9.000000   -10.09588466
HR1985 -10.750000  -8.750000   -10.10173850
HR1985 -10.750000  -8.500000   -10.10752242
HR1985 -10.750000  -8.250000   -10.11394535
HR1985 -10.750000  -8.000000   -10.12055698
HR1985 -10.750000  -7.750000   -10.12719160
HR1985 -10.750000  -7.500000   -10.13405644
HR1985 -10.750000  -7.250000   -10.14143161
HR1985 -10.750000  -7.000000   -10.14893086
HR1985 -10.750000  -6.750000   -10.15665987
HR1985 -10.750000  -6.500000   -10.16467769
HR1985 -10.750000  -6.250000   -10.17300257
HR1985 -10.750000  -6.000000   -10.18171219
HR1985 -10.750000  -5.750000   -10.19073978
HR1985 -10.750000  -5.500000   -10.20017995
HR1985 -10.750000  -5.250000   -10.21002777
HR1985 -10.750000  -5.000000   -10.22033482
HR1985 -10.750000  -4.750000   -10.23114433
HR1985 -10.750000  -4.500000   -10.24250655
HR1985 -10.750000  -4.250000   -10.25448005
HR1985 -10.750000  -4.000000   -10.26713360
HR1985 -10.750000  -3.750000   -10.28054835
HR1985 -10.750000  -3.500000   -10.29482119
HR1985 -10.750000  -3.250000   -10.31006875
HR1985 -10.750000  -3.000000   -10.32643340
HR1985 -10.750000  -2.750000   -10.34409129
HR1985 -10.750000  -2.500000   -10.36324750
HR1985 -10.750000  -2.250000   -10.38423715
HR1985 -10.750000  -2.000000   -10.40738481
HR1985 -10.750000  -1.750000   -10.43321541
HR1985 -10.750000  -1.500000   -10.46244490
HR1985 -10.750000  -1.250000   -10.49613519
HR1985 -10.750000  -1.000000   -10.53598757
HR1985 -10.500000  -9.000000    -9.84663037
HR1985 -10.500000  -8.750000    -9.85229593
HR1985 -10.500000  -8.500000    -9.85801863
HR1985 -10.500000  -8.250000    -9.86429566
HR1985 -10.500000  -8.000000    -9.87081495
HR1985 -10.500000  -7.750000    -9.87739693
HR1985 -10.500000  -7.500000    -9.88424293
HR1985 -10.500000  -7.250000    -9.89153867
HR1985 -10.500000  -7.000000    -9.89900229
HR1985 -10.500000  -6.750000    -9.90671909
HR1985 -10.500000  -6.500000    -9.91472939
HR1985 -10.500000  -6.250000    -9.92304994
HR1985 -10.500000  -6.000000    -9.93170130
HR1985 -10.500000  -5.750000    -9.94076544
HR1985 -10.500000  -5.500000    -9.95019110
HR1985 -10.500000  -5.250000    -9.96003487
HR1985 -10.500000  -5.000000    -9.97033922
HR1985 -10.500000  -4.750000    -9.98114701
HR1985 -10.500000  -4.500000    -9.99250816
HR1985 -10.500000  -4.250000   -10.00448102
HR1985 -10.500000  -4.000000   -10.01713418
HR1985 -10.500000  -3.750000   -10.03054871
HR1985 -10.500000  -3.500000   -10.04482140
HR1985 -10.500000  -3.250000   -10.06006888
HR1985 -10.500000  -3.000000   -10.07643347
HR1985 -10.500000  -2.750000   -10.09409134
HR1985 -10.500000  -2.500000   -10.11326428
HR1985 -10.500000  -2.250000   -10.13423717
HR1985 -10.500000  -2.000000   -10.15738482
HR1985 -10.500000  -1.750000   -10.18321543
HR1985 -10.500000  -1.500000   -10.21244490
HR1985 -10.500000  -1.250000   -10.24613520
HR1985 -10.500000  -1.000000   -10.28598756
HR1985 -10.250000  -9.000000    -9.59752036
HR1985 -10.250000  -8.750000    -9.60296995
HR1985 -10.250000  -8.500000    -9.60859345
HR1985 -10.250000  -8.250000    -9.61471175
HR1985 -10.250000  -8.000000    -9.62110076
HR1985 -10.250000  -7.750000    -9.62766317
HR1985 -10.250000  -7.500000    -9.63445497
HR1985 -10.250000  -7.250000    -9.64167111
HR1985 -10.250000  -7.000000    -9.64909567
HR1985 -10.250000  -6.750000    -9.65679314
HR1985 -10.250000  -6.500000    -9.66479075
HR1985 -10.250000  -6.250000    -9.67310348
HR1985 -10.250000  -6.000000    -9.68175034
HR1985 -10.250000  -5.750000    -9.69075466
HR1985 -10.250000  -5.500000    -9.70020868
HR1985 -10.250000  -5.250000    -9.71004656
HR1985 -10.250000  -5.000000    -9.72034667
HR1985 -10.250000  -4.750000    -9.73115164
HR1985 -10.250000  -4.500000    -9.74251099
HR1985 -10.250000  -4.250000    -9.75448273
HR1985 -10.250000  -4.000000    -9.76713519
HR1985 -10.250000  -3.750000    -9.78054933
HR1985 -10.250000  -3.500000    -9.79482177
HR1985 -10.250000  -3.250000    -9.81006911
HR1985 -10.250000  -3.000000    -9.82643360
HR1985 -10.250000  -2.750000    -9.84409142
HR1985 -10.250000  -2.500000    -9.86326433
HR1985 -10.250000  -2.250000    -9.88423720
HR1985 -10.250000  -2.000000    -9.90738484
HR1985 -10.250000  -1.750000    -9.93321544
HR1985 -10.250000  -1.500000    -9.96244490
HR1985 -10.250000  -1.250000    -9.99613520
HR1985 -10.250000  -1.000000   -10.03598756
HR1985 -10.000000  -9.000000    -9.34862397
HR1985 -10.000000  -8.750000    -9.35381663
HR1985 -10.000000  -8.500000    -9.35936875
HR1985 -10.000000  -8.250000    -9.36522818
HR1985 -10.000000  -8.000000    -9.37147392
HR1985 -10.000000  -7.750000    -9.37795906
HR1985 -10.000000  -7.500000    -9.38473004
HR1985 -10.000000  -7.250000    -9.39184180
HR1985 -10.000000  -7.000000    -9.39922124
HR1985 -10.000000  -6.750000    -9.40689012
HR1985 -10.000000  -6.500000    -9.41486764
HR1985 -10.000000  -6.250000    -9.42316716
HR1985 -10.000000  -6.000000    -9.43180587
HR1985 -10.000000  -5.750000    -9.44080550
HR1985 -10.000000  -5.500000    -9.45023486
HR1985 -10.000000  -5.250000    -9.46006495
HR1985 -10.000000  -5.000000    -9.47035893
HR1985 -10.000000  -4.750000    -9.48115948
HR1985 -10.000000  -4.500000    -9.49251586
HR1985 -10.000000  -4.250000    -9.50448571
HR1985 -10.000000  -4.000000    -9.51713700
HR1985 -10.000000  -3.750000    -9.53055042
HR1985 -10.000000  -3.500000    -9.54482243
HR1985 -10.000000  -3.250000    -9.56006950
HR1985 -10.000000  -3.000000    -9.57643384
HR1985 -10.000000  -2.750000    -9.59409157
HR1985 -10.000000  -2.500000    -9.61326442
HR1985 -10.000000  -2.250000    -9.63423725
HR1985 -10.000000  -2.000000    -9.65738487
HR1985 -10.000000  -1.750000    -9.68321546
HR1985 -10.000000  -1.500000    -9.71244491
HR1985 -10.000000  -1.250000    -9.74613520
HR1985 -10.000000  -1.000000    -9.78598755
HR1985  -9.750000  -9.000000    -9.10004451
HR1985  -9.750000  -8.750000    -9.10490714
HR1985  -9.750000  -8.500000    -9.11021298
HR1985  -9.750000  -8.250000    -9.11587586
HR1985  -9.750000  -8.000000    -9.12196937
HR1985  -9.750000  -7.750000    -9.12834578
HR1985  -9.750000  -7.500000    -9.13503668
HR1985  -9.750000  -7.250000    -9.14202987
HR1985  -9.750000  -7.000000    -9.14939153
HR1985  -9.750000  -6.750000    -9.15702063
HR1985  -9.750000  -6.500000    -9.16496848
HR1985  -9.750000  -6.250000    -9.17324710
HR1985  -9.750000  -6.000000    -9.18187205
HR1985  -9.750000  -5.750000    -9.19086318
HR1985  -9.750000  -5.500000    -9.20027163
HR1985  -9.750000  -5.250000    -9.21009233
HR1985  -9.750000  -5.000000    -9.22037822
HR1985  -9.750000  -4.750000    -9.23117237
HR1985  -9.750000  -4.500000    -9.24252413
HR1985  -9.750000  -4.250000    -9.25449087
HR1985  -9.750000  -4.000000    -9.26714017
HR1985  -9.750000  -3.750000    -9.28055234
HR1985  -9.750000  -3.500000    -9.29482360
HR1985  -9.750000  -3.250000    -9.31007021
HR1985  -9.750000  -3.000000    -9.32643427
HR1985  -9.750000  -2.750000    -9.34409183
HR1985  -9.750000  -2.500000    -9.36326458
HR1985  -9.750000  -2.250000    -9.38423735
HR1985  -9.750000  -2.000000    -9.40738493
HR1985  -9.750000  -1.750000    -9.43321549
HR1985  -9.750000  -1.500000    -9.46244494
HR1985  -9.750000  -1.250000    -9.49613521
HR1985  -9.750000  -1.000000    -9.53598756
HR1985  -9.500000  -9.000000    -8.85184420
HR1985  -9.500000  -8.750000    -8.85629802
HR1985  -9.500000  -8.500000    -8.86132177
HR1985  -9.500000  -8.250000    -8.86675014
HR1985  -9.500000  -8.000000    -8.87263134
HR1985  -9.500000  -7.750000    -8.87885962
HR1985  -9.500000  -7.500000    -8.88543788
HR1985  -9.500000  -7.250000    -8.89234801
HR1985  -9.500000  -7.000000    -8.89962228
HR1985  -9.500000  -6.750000    -8.90719775
HR1985  -9.500000  -6.500000    -8.91510431
HR1985  -9.500000  -6.250000    -8.92335209
HR1985  -9.500000  -6.000000    -8.93195528
HR1985  -9.500000  -5.750000    -8.94093205
HR1985  -9.500000  -5.500000    -8.95032104
HR1985  -9.500000  -5.250000    -8.96013077
HR1985  -9.500000  -5.000000    -8.97040691
HR1985  -9.500000  -4.750000    -8.98119264
HR1985  -9.500000  -4.500000    -8.99253771
HR1985  -9.500000  -4.250000    -9.00449960
HR1985  -9.500000  -4.000000    -9.01714563
HR1985  -9.500000  -3.750000    -9.03055570
HR1985  -9.500000  -3.500000    -9.04482564
HR1985  -9.500000  -3.250000    -9.06007145
HR1985  -9.500000  -3.000000    -9.07643503
HR1985  -9.500000  -2.750000    -9.09409229
HR1985  -9.500000  -2.500000    -9.11326486
HR1985  -9.500000  -2.250000    -9.13423752
HR1985  -9.500000  -2.000000    -9.15738504
HR1985  -9.500000  -1.750000    -9.18321556
HR1985  -9.500000  -1.500000    -9.21244498
HR1985  -9.500000  -1.250000    -9.24613524
HR1985  -9.500000  -1.000000    -9.28598758
HR1985  -9.250000  -9.000000    -8.60416024
HR1985  -9.250000  -8.750000    -8.60816049
HR1985  -9.250000  -8.500000    -8.61278068
HR1985  -9.250000  -8.250000    -8.61789917
HR1985  -9.250000  -8.000000    -8.62351627
HR1985  -9.250000  -7.750000    -8.62954659
HR1985  -9.250000  -7.500000    -8.63597140
HR1985  -9.250000  -7.250000    -8.64276472
HR1985  -9.250000  -7.000000    -8.64993452
HR1985  -9.250000  -6.750000    -8.65743786
HR1985  -9.250000  -6.500000    -8.66528875
HR1985  -9.250000  -6.250000    -8.67349364
HR1985  -9.250000  -6.000000    -8.68206473
HR1985  -9.250000  -5.750000    -8.69101882
HR1985  -9.250000  -5.500000    -8.70038625
HR1985  -9.250000  -5.250000    -8.71018241
HR1985  -9.250000  -5.000000    -8.72044715
HR1985  -9.250000  -4.750000    -8.73122274
HR1985  -9.250000  -4.500000    -8.74255904
HR1985  -9.250000  -4.250000    -8.75451394
HR1985  -9.250000  -4.000000    -8.76715488
HR1985  -9.250000  -3.750000    -8.78056150
HR1985  -9.250000  -3.500000    -8.79482923
HR1985  -9.250000  -3.250000    -8.81007364
HR1985  -9.250000  -3.000000    -8.82643636
HR1985  -9.250000  -2.750000    -8.84409310
HR1985  -9.250000  -2.500000    -8.86326536
HR1985  -9.250000  -2.250000    -8.88423783
HR1985  -9.250000  -2.000000    -8.90738522
HR1985  -9.250000  -1.750000    -8.93321568
HR1985  -9.250000  -1.500000    -8.96244505
HR1985  -9.250000  -1.250000    -8.99613528
HR1985  -9.250000  -1.000000    -9.03598761
HR1985  -9.000000  -9.000000    -8.35710350
HR1985  -9.000000  -8.750000    -8.36055819
HR1985  -9.000000  -8.500000    -8.36469041
HR1985  -9.000000  -8.250000    -8.36941180
HR1985  -9.000000  -8.000000    -8.37469569
HR1985  -9.000000  -7.750000    -8.38046542
HR1985  -9.000000  -7.500000    -8.38668513
HR1985  -9.000000  -7.250000    -8.39331932
HR1985  -9.000000  -7.000000    -8.40035698
HR1985  -9.000000  -6.750000    -8.40776297
HR1985  -9.000000  -6.500000    -8.41553894
HR1985  -9.000000  -6.250000    -8.42368598
HR1985  -9.000000  -6.000000    -8.43221247
HR1985  -9.000000  -5.750000    -8.44113311
HR1985  -9.000000  -5.500000    -8.45047297
HR1985  -9.000000  -5.250000    -8.46025061
HR1985  -9.000000  -5.000000    -8.47050121
HR1985  -9.000000  -4.750000    -8.48126495
HR1985  -9.000000  -4.500000    -8.49259070
HR1985  -9.000000  -4.250000    -8.50453645
HR1985  -9.000000  -4.000000    -8.51717006
HR1985  -9.000000  -3.750000    -8.53057133
HR1985  -9.000000  -3.500000    -8.54483541
HR1985  -9.000000  -3.250000    -8.56007747
HR1985  -9.000000  -3.000000    -8.57643872
HR1985  -9.000000  -2.750000    -8.59409454
HR1985  -9.000000  -2.500000    -8.61326624
HR1985  -9.000000  -2.250000    -8.63423837
HR1985  -9.000000  -2.000000    -8.65738556
HR1985  -9.000000  -1.750000    -8.68321589
HR1985  -9.000000  -1.500000    -8.71244518
HR1985  -9.000000  -1.250000    -8.74613537
HR1985  -9.000000  -1.000000    -8.78598766
HR1985  -8.750000  -9.000000    -8.11076901
HR1985  -8.750000  -8.750000    -8.11360586
HR1985  -8.750000  -8.500000    -8.11716381
HR1985  -8.750000  -8.250000    -8.12139264
HR1985  -8.750000  -8.000000    -8.12625849
HR1985  -8.750000  -7.750000    -8.13169064
HR1985  -8.750000  -7.500000    -8.13764030
HR1985  -8.750000  -7.250000    -8.14406177
HR1985  -8.750000  -7.000000    -8.15092789
HR1985  -8.750000  -6.750000    -8.15820312
HR1985  -8.750000  -6.500000    -8.16587792
HR1985  -8.750000  -6.250000    -8.17394704
HR1985  -8.750000  -6.000000    -8.18241334
HR1985  -8.750000  -5.750000    -8.19128753
HR1985  -8.750000  -5.500000    -8.20059026
HR1985  -8.750000  -5.250000    -8.21034141
HR1985  -8.750000  -5.000000    -8.22057267
HR1985  -8.750000  -4.750000    -8.23132166
HR1985  -8.750000  -4.500000    -8.24263507
HR1985  -8.750000  -4.250000    -8.25456982
HR1985  -8.750000  -4.000000    -8.26719385
HR1985  -8.750000  -3.750000    -8.28058744
HR1985  -8.750000  -3.500000    -8.29484587
HR1985  -8.750000  -3.250000    -8.31008409
HR1985  -8.750000  -3.000000    -8.32644283
HR1985  -8.750000  -2.750000    -8.34409708
HR1985  -8.750000  -2.500000    -8.36326780
HR1985  -8.750000  -2.250000    -8.38423933
HR1985  -8.750000  -2.000000    -8.40738616
HR1985  -8.750000  -1.750000    -8.43321626
HR1985  -8.750000  -1.500000    -8.46244541
HR1985  -8.750000  -1.250000    -8.49613551
HR1985  -8.750000  -1.000000    -8.53598775
HR1985  -8.500000  -9.000000    -7.86521217
HR1985  -8.500000  -8.750000    -7.86740172
HR1985  -8.500000  -8.500000    -7.87031638
HR1985  -8.500000  -8.250000    -7.87395892
HR1985  -8.500000  -8.000000    -7.87831127
HR1985  -8.500000  -7.750000    -7.88331485
HR1985  -8.500000  -7.500000    -7.88891464
HR1985  -8.500000  -7.250000    -7.89505597
HR1985  -8.500000  -7.000000    -7.90169758
HR1985  -8.500000  -6.750000    -7.90879830
HR1985  -8.500000  -6.500000    -7.91633715
HR1985  -8.500000  -6.250000    -7.92430100
HR1985  -8.500000  -6.000000    -7.93268617
HR1985  -8.500000  -5.750000    -7.94149765
HR1985  -8.500000  -5.500000    -7.95075065
HR1985  -8.500000  -5.250000    -7.96046435
HR1985  -8.500000  -5.000000    -7.97066791
HR1985  -8.500000  -4.750000    -7.98139667
HR1985  -8.500000  -4.500000    -7.99269467
HR1985  -8.500000  -4.250000    -8.00461654
HR1985  -8.500000  -4.000000    -8.01722911
HR1985  -8.500000  -3.750000    -8.03061266
HR1985  -8.500000  -3.500000    -8.04486302
HR1985  -8.500000  -3.250000    -8.06009527
HR1985  -8.500000  -3.000000    -8.07644992
HR1985  -8.500000  -2.750000    -8.09410151
HR1985  -8.500000  -2.500000    -8.11327055
HR1985  -8.500000  -2.250000    -8.13424103
HR1985  -8.500000  -2.000000    -8.15738721
HR1985  -8.500000  -1.750000    -8.18321692
HR1985  -8.500000  -1.500000    -8.21244583
HR1985  -8.500000  -1.250000    -8.24613578
HR1985  -8.500000  -1.000000    -8.28598793
HR1985  -8.250000  -9.000000    -7.62042732
HR1985  -8.250000  -8.750000    -7.62200284
HR1985  -8.250000  -8.500000    -7.62424772
HR1985  -8.250000  -8.250000    -7.62723055
HR1985  -8.250000  -8.000000    -7.63097465
HR1985  -8.250000  -7.750000    -7.63544915
HR1985  -8.250000  -7.500000    -7.64060479
HR1985  -8.250000  -7.250000    -7.64638313
HR1985  -8.250000  -7.000000    -7.65273175
HR1985  -8.250000  -6.750000    -7.65960122
HR1985  -8.250000  -6.500000    -7.66695855
HR1985  -8.250000  -6.250000    -7.67478086
HR1985  -8.250000  -6.000000    -7.68305635
HR1985  -8.250000  -5.750000    -7.69178325
HR1985  -8.250000  -5.500000    -7.70097010
HR1985  -8.250000  -5.250000    -7.71063262
HR1985  -8.250000  -5.000000    -7.72079703
HR1985  -8.250000  -4.750000    -7.73149678
HR1985  -8.250000  -4.500000    -7.74277358
HR1985  -8.250000  -4.250000    -7.75467933
HR1985  -8.250000  -4.000000    -7.76727844
HR1985  -8.250000  -3.750000    -7.78065000
HR1985  -8.250000  -3.500000    -7.79488984
HR1985  -8.250000  -3.250000    -7.81011357
HR1985  -8.250000  -3.000000    -7.82646191
HR1985  -8.250000  -2.750000    -7.84410916
HR1985  -8.250000  -2.500000    -7.86327535
HR1985  -8.250000  -2.250000    -7.88424403
HR1985  -8.250000  -2.000000    -7.90738908
HR1985  -8.250000  -1.750000    -7.93321808
HR1985  -8.250000  -1.500000    -7.96244656
HR1985  -8.250000  -1.250000    -7.99613625
HR1985  -8.250000  -1.000000    -8.03598823
HR1985  -8.000000  -9.000000    -7.37634600
HR1985  -8.000000  -8.750000    -7.37740319
HR1985  -8.000000  -8.500000    -7.37901551
HR1985  -8.000000  -8.250000    -7.38131081
HR1985  -8.000000  -8.000000    -7.38437255
HR1985  -8.000000  -7.750000    -7.38821923
HR1985  -8.000000  -7.500000    -7.39282670
HR1985  -8.000000  -7.250000    -7.39814424
HR1985  -8.000000  -7.000000    -7.40411466
HR1985  -8.000000  -6.750000    -7.41068070
HR1985  -8.000000  -6.500000    -7.41779738
HR1985  -8.000000  -6.250000    -7.42543064
HR1985  -8.000000  -6.000000    -7.43355858
HR1985  -8.000000  -5.750000    -7.44217106
HR1985  -8.000000  -5.500000    -7.45126917
HR1985  -8.000000  -5.250000    -7.46086302
HR1985  -8.000000  -5.000000    -7.47097392
HR1985  -8.000000  -4.750000    -7.48163266
HR1985  -8.000000  -4.500000    -7.49287904
HR1985  -8.000000  -4.250000    -7.50476254
HR1985  -8.000000  -4.000000    -7.51734475
HR1985  -8.000000  -3.750000    -7.53070223
HR1985  -8.000000  -3.500000    -7.54492951
HR1985  -8.000000  -3.250000    -7.56014218
HR1985  -8.000000  -3.000000    -7.57648153
HR1985  -8.000000  -2.750000    -7.59412207
HR1985  -8.000000  -2.500000    -7.61328363
HR1985  -8.000000  -2.250000    -7.63424926
HR1985  -8.000000  -2.000000    -7.65739236
HR1985  -8.000000  -1.750000    -7.68322014
HR1985  -8.000000  -1.500000    -7.71244787
HR1985  -8.000000  -1.250000    -7.74613708
HR1985  -8.000000  -1.000000    -7.78598877
HR1985  -7.750000  -9.000000    -7.13286375
HR1985  -7.750000  -8.750000    -7.13353250
HR1985  -7.750000  -8.500000    -7.13461275
HR1985  -7.750000  -8.250000    -7.13625933
HR1985  -7.750000  -8.000000    -7.13861175
HR1985  -7.750000  -7.750000    -7.14175416
HR1985  -7.750000  -7.500000    -7.14571158
HR1985  -7.750000  -7.250000    -7.15046055
HR1985  -7.750000  -7.000000    -7.15595169
HR1985  -7.750000  -6.750000    -7.16212511
HR1985  -7.750000  -6.500000    -7.16892592
HR1985  -7.750000  -6.250000    -7.17630842
HR1985  -7.750000  -6.000000    -7.18423919
HR1985  -7.750000  -5.750000    -7.19269764
HR1985  -7.750000  -5.500000    -7.20167597
HR1985  -7.750000  -5.250000    -7.21117726
HR1985  -7.750000  -5.000000    -7.22121631
HR1985  -7.750000  -4.750000    -7.23181902
HR1985  -7.750000  -4.500000    -7.24302237
HR1985  -7.750000  -4.250000    -7.25487390
HR1985  -7.750000  -4.000000    -7.26743272
HR1985  -7.750000  -3.750000    -7.28077245
HR1985  -7.750000  -3.500000    -7.29498496
HR1985  -7.750000  -3.250000    -7.31018446
HR1985  -7.750000  -3.000000    -7.32651216
HR1985  -7.750000  -2.750000    -7.34414318
HR1985  -7.750000  -2.500000    -7.36329761
HR1985  -7.750000  -2.250000    -7.38425827
HR1985  -7.750000  -2.000000    -7.40739809
HR1985  -7.750000  -1.750000    -7.43322377
HR1985  -7.750000  -1.500000    -7.46245017
HR1985  -7.750000  -1.250000    -7.49613855
HR1985  -7.750000  -1.000000    -7.53598972
HR1985  -7.500000  -9.000000    -6.88987851
HR1985  -7.500000  -8.750000    -6.89028426
HR1985  -7.500000  -8.500000    -6.89096693
HR1985  -7.500000  -8.250000    -6.89206891
HR1985  -7.500000  -8.000000    -6.89375385
HR1985  -7.500000  -7.750000    -6.89616505
HR1985  -7.500000  -7.500000    -6.89939406
HR1985  -7.500000  -7.250000    -6.90346923
HR1985  -7.500000  -7.000000    -6.90836959
HR1985  -7.500000  -6.750000    -6.91404498
HR1985  -7.500000  -6.500000    -6.92043698
HR1985  -7.500000  -6.250000    -6.92749021
HR1985  -7.500000  -6.000000    -6.93515932
HR1985  -7.500000  -5.750000    -6.94341183
HR1985  -7.500000  -5.500000    -6.95222900
HR1985  -7.500000  -5.250000    -6.96160508
HR1985  -7.500000  -5.000000    -6.97154719
HR1985  -7.500000  -4.750000    -6.98207458
HR1985  -7.500000  -4.500000    -6.99321915
HR1985  -7.500000  -4.250000    -7.00502547
HR1985  -7.500000  -4.000000    -7.01755063
HR1985  -7.500000  -3.750000    -7.03086572
HR1985  -7.500000  -3.500000    -7.04505955
HR1985  -7.500000  -3.250000    -7.06024354
HR1985  -7.500000  -3.000000    -7.07655739
HR1985  -7.500000  -2.750000    -7.09417612
HR1985  -7.500000  -2.500000    -7.11332043
HR1985  -7.500000  -2.250000    -7.13427348
HR1985  -7.500000  -2.000000    -7.15740797
HR1985  -7.500000  -1.750000    -7.18323011
HR1985  -7.500000  -1.500000    -7.21245422
HR1985  -7.500000  -1.250000    -7.24614115
HR1985  -7.500000  -1.000000    -7.28599142
HR1985  -7.250000  -9.000000    -6.64731529
HR1985  -7.250000  -8.750000    -6.64755527
HR1985  -7.250000  -8.500000    -6.64796930
HR1985  -7.250000  -8.250000    -6.64866519
HR1985  -7.250000  -8.000000    -6.64979137
HR1985  -7.250000  -7.750000    -6.65151593
HR1985  -7.250000  -7.500000    -6.65399000
HR1985  -7.250000  -7.250000    -6.65731102
HR1985  -7.250000  -7.000000    -6.66151194
HR1985  -7.250000  -6.750000    -6.66657334
HR1985  -7.250000  -6.500000    -6.67244675
HR1985  -7.250000  -6.250000    -6.67907373
HR1985  -7.250000  -6.000000    -6.68639912
HR1985  -7.250000  -5.750000    -6.69437818
HR1985  -7.250000  -5.500000    -6.70297983
HR1985  -7.250000  -5.250000    -6.71218723
HR1985  -7.250000  -5.000000    -6.72199808
HR1985  -7.250000  -4.750000    -6.73242378
HR1985  -7.250000  -4.500000    -6.74348927
HR1985  -7.250000  -4.250000    -6.75523381
HR1985  -7.250000  -4.000000    -6.76771136
HR1985  -7.250000  -3.750000    -6.78099093
HR1985  -7.250000  -3.500000    -6.79515875
HR1985  -7.250000  -3.250000    -6.81032304
HR1985  -7.250000  -3.000000    -6.82662057
HR1985  -7.250000  -2.750000    -6.84422470
HR1985  -7.250000  -2.500000    -6.86335602
HR1985  -7.250000  -2.250000    -6.88429830
HR1985  -7.250000  -2.000000    -6.90742463
HR1985  -7.250000  -1.750000    -6.93324103
HR1985  -7.250000  -1.500000    -6.96246129
HR1985  -7.250000  -1.250000    -6.99614574
HR1985  -7.250000  -1.000000    -7.03599441
HR1985  -7.000000  -9.000000    -6.40513071
HR1985  -7.000000  -8.750000    -6.40527067
HR1985  -7.000000  -8.500000    -6.40551556
HR1985  -7.000000  -8.250000    -6.40593749
HR1985  -7.000000  -8.000000    -6.40664807
HR1985  -7.000000  -7.750000    -6.40779929
HR1985  -7.000000  -7.500000    -6.40956614
HR1985  -7.000000  -7.250000    -6.41210697
HR1985  -7.000000  -7.000000    -6.41552610
HR1985  -7.000000  -6.750000    -6.41986092
HR1985  -7.000000  -6.500000    -6.42509513
HR1985  -7.000000  -6.250000    -6.43118136
HR1985  -7.000000  -6.000000    -6.43806166
HR1985  -7.000000  -5.750000    -6.44568136
HR1985  -7.000000  -5.500000    -6.45399675
HR1985  -7.000000  -5.250000    -6.46297836
HR1985  -7.000000  -5.000000    -6.47261228
HR1985  -7.000000  -4.750000    -6.48290014
HR1985  -7.000000  -4.500000    -6.49385872
HR1985  -7.000000  -4.250000    -6.50552007
HR1985  -7.000000  -4.000000    -6.51793255
HR1985  -7.000000  -3.750000    -6.53116190
HR1985  -7.000000  -3.500000    -6.54529216
HR1985  -7.000000  -3.250000    -6.56042893
HR1985  -7.000000  -3.000000    -6.57670563
HR1985  -7.000000  -2.750000    -6.59429255
HR1985  -7.000000  -2.500000    -6.61340846
HR1985  -7.000000  -2.250000    -6.63433696
HR1985  -7.000000  -2.000000    -6.65745180
HR1985  -7.000000  -1.750000    -6.68325942
HR1985  -7.000000  -1.500000    -6.71247347
HR1985  -7.000000  -1.250000    -6.74615373
HR1985  -7.000000  -1.000000    -6.78599968
HR1985  -6.750000  -9.000000    -6.16330718
HR1985  -6.750000  -8.750000    -6.16338818
HR1985  -6.750000  -8.500000    -6.16353104
HR1985  -6.750000  -8.250000    -6.16378065
HR1985  -6.750000  -8.000000    -6.16421137
HR1985  -6.750000  -7.750000    -6.16493719
HR1985  -6.750000  -7.500000    -6.16611513
HR1985  -6.750000  -7.250000    -6.16792687
HR1985  -6.750000  -7.000000    -6.17053878
HR1985  -6.750000  -6.750000    -6.17406239
HR1985  -6.750000  -6.500000    -6.17854072
HR1985  -6.750000  -6.250000    -6.18396060
HR1985  -6.750000  -6.000000    -6.19027620
HR1985  -6.750000  -5.750000    -6.19743041
HR1985  -6.750000  -5.500000    -6.20536945
HR1985  -6.750000  -5.250000    -6.21405094
HR1985  -6.750000  -5.000000    -6.22344783
HR1985  -6.750000  -4.750000    -6.23354974
HR1985  -6.750000  -4.500000    -6.24436330
HR1985  -6.750000  -4.250000    -6.25591204
HR1985  -6.750000  -4.000000    -6.26823682
HR1985  -6.750000  -3.750000    -6.28139749
HR1985  -6.750000  -3.500000    -6.29547464
HR1985  -6.750000  -3.250000    -6.31057161
HR1985  -6.750000  -3.000000    -6.32681912
HR1985  -6.750000  -2.750000    -6.34438398
HR1985  -6.750000  -2.500000    -6.36348170
HR1985  -6.750000  -2.250000    -6.38439390
HR1985  -6.750000  -2.000000    -6.40749409
HR1985  -6.750000  -1.750000    -6.43328941
HR1985  -6.750000  -1.500000    -6.46249399
HR1985  -6.750000  -1.250000    -6.49616749
HR1985  -6.750000  -1.000000    -6.53600886
HR1985  -6.500000  -9.000000    -5.92184550
HR1985  -6.500000  -8.750000    -5.92189222
HR1985  -6.500000  -8.500000    -5.92197495
HR1985  -6.500000  -8.250000    -5.92212063
HR1985  -6.500000  -8.000000    -5.92237548
HR1985  -6.500000  -7.750000    -5.92281534
HR1985  -6.500000  -7.500000    -5.92355743
HR1985  -6.500000  -7.250000    -5.92476374
HR1985  -6.500000  -7.000000    -5.92662325
HR1985  -6.500000  -6.750000    -5.92931085
HR1985  -6.500000  -6.500000    -5.93294631
HR1985  -6.500000  -6.250000    -5.93757871
HR1985  -6.500000  -6.000000    -5.94319862
HR1985  -6.500000  -5.750000    -5.94976218
HR1985  -6.500000  -5.500000    -5.95721355
HR1985  -6.500000  -5.250000    -5.96550023
HR1985  -6.500000  -5.000000    -5.97458186
HR1985  -6.500000  -4.750000    -5.98443448
HR1985  -6.500000  -4.500000    -5.99505222
HR1985  -6.500000  -4.250000    -6.00644805
HR1985  -6.500000  -4.000000    -6.01865396
HR1985  -6.500000  -3.750000    -6.03172197
HR1985  -6.500000  -3.500000    -6.04572647
HR1985  -6.500000  -3.250000    -6.06076713
HR1985  -6.500000  -3.000000    -6.07697236
HR1985  -6.500000  -2.750000    -6.09450618
HR1985  -6.500000  -2.500000    -6.11358048
HR1985  -6.500000  -2.250000    -6.13447340
HR1985  -6.500000  -2.000000    -6.15755632
HR1985  -6.500000  -1.750000    -6.18333603
HR1985  -6.500000  -1.500000    -6.21252740
HR1985  -6.500000  -1.250000    -6.24619066
HR1985  -6.500000  -1.000000    -6.28602467
HR1985  -6.250000  -9.000000    -5.68075940
HR1985  -6.250000  -8.750000    -5.68078630
HR1985  -6.250000  -8.500000    -5.68083404
HR1985  -6.250000  -8.250000    -5.68091847
HR1985  -6.250000  -8.000000    -5.68106728
HR1985  -6.250000  -7.750000    -5.68132759
HR1985  -6.250000  -7.500000    -5.68177723
HR1985  -6.250000  -7.250000    -5.68253663
HR1985  -6.250000  -7.000000    -5.68377315
HR1985  -6.250000  -6.750000    -5.68568352
HR1985  -6.250000  -6.500000    -5.68845207
HR1985  -6.250000  -6.250000    -5.69220752
HR1985  -6.250000  -6.000000    -5.69700582
HR1985  -6.250000  -5.750000    -5.70284187
HR1985  -6.250000  -5.500000    -5.70967439
HR1985  -6.250000  -5.250000    -5.71744927
HR1985  -6.250000  -5.000000    -5.72611591
HR1985  -6.250000  -4.750000    -5.73563670
HR1985  -6.250000  -4.500000    -5.74599170
HR1985  -6.250000  -4.250000    -5.75718088
HR1985  -6.250000  -4.000000    -5.76922520
HR1985  -6.250000  -3.750000    -5.78216743
HR1985  -6.250000  -3.500000    -5.79607378
HR1985  -6.250000  -3.250000    -5.81103739
HR1985  -6.250000  -3.000000    -5.82718279
HR1985  -6.250000  -2.750000    -5.84467156
HR1985  -6.250000  -2.500000    -5.86371276
HR1985  -6.250000  -2.250000    -5.88458077
HR1985  -6.250000  -2.000000    -5.90764323
HR1985  -6.250000  -1.750000    -5.93340460
HR1985  -6.250000  -1.500000    -5.96257932
HR1985  -6.250000  -1.250000    -5.99622836
HR1985  -6.250000  -1.000000    -6.03605128
HR1985  -6.000000  -9.000000    -5.44007211
HR1985  -6.000000  -8.750000    -5.44008759
HR1985  -6.000000  -8.500000    -5.44011510
HR1985  -6.000000  -8.250000    -5.44016386
HR1985  -6.000000  -8.000000    -5.44025017
HR1985  -6.000000  -7.750000    -5.44040225
HR1985  -6.000000  -7.500000    -5.44066842
HR1985  -6.000000  -7.250000    -5.44112848
HR1985  -6.000000  -7.000000    -5.44190635
HR1985  -6.000000  -6.750000    -5.44317508
HR1985  -6.000000  -6.500000    -5.44513982
HR1985  -6.000000  -6.250000    -5.44799515
HR1985  -6.000000  -6.000000    -5.45187970
HR1985  -6.000000  -5.750000    -5.45685717
HR1985  -6.000000  -5.500000    -5.46292758
HR1985  -6.000000  -5.250000    -5.47005286
HR1985  -6.000000  -5.000000    -5.47818132
HR1985  -6.000000  -4.750000    -5.48726502
HR1985  -6.000000  -4.500000    -5.49726999
HR1985  -6.000000  -4.250000    -5.50818162
HR1985  -6.000000  -4.000000    -5.52000735
HR1985  -6.000000  -3.750000    -5.53277839
HR1985  -6.000000  -3.500000    -5.54655132
HR1985  -6.000000  -3.250000    -5.56141070
HR1985  -6.000000  -3.000000    -5.57747416
HR1985  -6.000000  -2.750000    -5.59489917
HR1985  -6.000000  -2.500000    -5.61389225
HR1985  -6.000000  -2.250000    -5.63472487
HR1985  -6.000000  -2.000000    -5.65776076
HR1985  -6.000000  -1.750000    -5.68350041
HR1985  -6.000000  -1.500000    -5.71265565
HR1985  -6.000000  -1.250000    -5.74628691
HR1985  -6.000000  -1.000000    -5.78609455
HR1985  -5.750000  -9.000000    -5.19981463
HR1985  -5.750000  -8.750000    -5.19982355
HR1985  -5.750000  -8.500000    -5.19983939
HR1985  -5.750000  -8.250000    -5.19986753
HR1985  -5.750000  -8.000000    -5.19991742
HR1985  -5.750000  -7.750000    -5.20000569
HR1985  -5.750000  -7.500000    -5.20016129
HR1985  -5.750000  -7.250000    -5.20043374
HR1985  -5.750000  -7.000000    -5.20090494
HR1985  -5.750000  -6.750000    -5.20170253
HR1985  -5.750000  -6.500000    -5.20300572
HR1985  -5.750000  -6.250000    -5.20502877
HR1985  -5.750000  -6.000000    -5.20797741
HR1985  -5.750000  -5.750000    -5.21200130
HR1985  -5.750000  -5.500000    -5.21717293
HR1985  -5.750000  -5.250000    -5.22349837
HR1985  -5.750000  -5.000000    -5.23094359
HR1985  -5.750000  -4.750000    -5.23946016
HR1985  -5.750000  -4.500000    -5.24900374
HR1985  -5.750000  -4.250000    -5.25954529
HR1985  -5.750000  -4.000000    -5.27107710
HR1985  -5.750000  -3.750000    -5.28361632
HR1985  -5.750000  -3.500000    -5.29720741
HR1985  -5.750000  -3.250000    -5.31192487
HR1985  -5.750000  -3.000000    -5.32787733
HR1985  -5.750000  -2.750000    -5.34521496
HR1985  -5.750000  -2.500000    -5.36413989
HR1985  -5.750000  -2.250000    -5.38492097
HR1985  -5.750000  -2.000000    -5.40791894
HR1985  -5.750000  -1.750000    -5.43363019
HR1985  -5.750000  -1.500000    -5.46276236
HR1985  -5.750000  -1.250000    -5.49637297
HR1985  -5.750000  -1.000000    -5.53616170
HR1985  -5.500000  -9.000000    -4.96002525
HR1985  -5.500000  -8.750000    -4.96003039
HR1985  -5.500000  -8.500000    -4.96003952
HR1985  -5.500000  -8.250000    -4.96005574
HR1985  -5.500000  -8.000000    -4.96008455
HR1985  -5.500000  -7.750000    -4.96013562
HR1985  -5.500000  -7.500000    -4.96022602
HR1985  -5.500000  -7.250000    -4.96038540
HR1985  -5.500000  -7.000000    -4.96066457
HR1985  -5.500000  -6.750000    -4.96114772
HR1985  -5.500000  -6.500000    -4.96196645
HR1985  -5.500000  -6.250000    -4.96330663
HR1985  -5.500000  -6.000000    -4.96539238
HR1985  -5.500000  -5.750000    -4.96844170
HR1985  -5.500000  -5.500000    -4.97261664
HR1985  -5.500000  -5.250000    -4.97799932
HR1985  -5.500000  -5.000000    -4.98460341
HR1985  -5.500000  -4.750000    -4.99239978
HR1985  -5.500000  -4.500000    -5.00134436
HR1985  -5.500000  -4.250000    -5.01139768
HR1985  -5.500000  -4.000000    -5.02253720
HR1985  -5.500000  -3.750000    -5.03476436
HR1985  -5.500000  -3.500000    -5.04810891
HR1985  -5.500000  -3.250000    -5.06263268
HR1985  -5.500000  -3.000000    -5.07843372
HR1985  -5.500000  -2.750000    -5.09565278
HR1985  -5.500000  -2.500000    -5.11448424
HR1985  -5.500000  -2.250000    -5.13519225
HR1985  -5.500000  -2.000000    -5.15813485
HR1985  -5.500000  -1.750000    -5.18380538
HR1985  -5.500000  -1.500000    -5.21290721
HR1985  -5.500000  -1.250000    -5.24649340
HR1985  -5.500000  -1.000000    -5.28626041
HR1985  -5.250000  -9.000000    -4.72074968
HR1985  -5.250000  -8.750000    -4.72075265
HR1985  -5.250000  -8.500000    -4.72075792
HR1985  -5.250000  -8.250000    -4.72076728
HR1985  -5.250000  -8.000000    -4.72078392
HR1985  -5.250000  -7.750000    -4.72081344
HR1985  -5.250000  -7.500000    -4.72086580
HR1985  -5.250000  -7.250000    -4.72095847
HR1985  -5.250000  -7.000000    -4.72112192
HR1985  -5.250000  -6.750000    -4.72140833
HR1985  -5.250000  -6.500000    -4.72190432
HR1985  -5.250000  -6.250000    -4.72274581
HR1985  -5.250000  -6.000000    -4.72412583
HR1985  -5.250000  -5.750000    -4.72627926
HR1985  -5.250000  -5.500000    -4.72943758
HR1985  -5.250000  -5.250000    -4.73377645
HR1985  -5.250000  -5.000000    -4.73938993
HR1985  -5.250000  -4.750000    -4.74629980
HR1985  -5.250000  -4.500000    -4.75448345
HR1985  -5.250000  -4.250000    -4.76390250
HR1985  -5.250000  -4.000000    -4.77452404
HR1985  -5.250000  -3.750000    -4.78633422
HR1985  -5.250000  -3.500000    -4.79934649
HR1985  -5.250000  -3.250000    -4.81360727
HR1985  -5.250000  -3.000000    -4.82920134
HR1985  -5.250000  -2.750000    -4.84625833
HR1985  -5.250000  -2.500000    -4.86496272
HR1985  -5.250000  -2.250000    -4.88557044
HR1985  -5.250000  -2.000000    -4.90843447
HR1985  -5.250000  -1.750000    -4.93404537
HR1985  -5.250000  -1.500000    -4.96310342
HR1985  -5.250000  -1.250000    -4.99665730
HR1985  -5.250000  -1.000000    -5.03639871
HR1985  -5.000000  -9.000000    -4.48204216
HR1985  -5.000000  -8.750000    -4.48204388
HR1985  -5.000000  -8.500000    -4.48204692
HR1985  -5.000000  -8.250000    -4.48205233
HR1985  -5.000000  -8.000000    -4.48206194
HR1985  -5.000000  -7.750000    -4.48207900
HR1985  -5.000000  -7.500000    -4.48210930
HR1985  -5.000000  -7.250000    -4.48216304
HR1985  -5.000000  -7.000000    -4.48225818
HR1985  -5.000000  -6.750000    -4.48242602
HR1985  -5.000000  -6.500000    -4.48272022
HR1985  -5.000000  -6.250000    -4.48323009
HR1985  -5.000000  -6.000000    -4.48409617
HR1985  -5.000000  -5.750000    -4.48551927
HR1985  -5.000000  -5.500000    -4.48774601
HR1985  -5.000000  -5.250000    -4.49102283
HR1985  -5.000000  -5.000000    -4.49554083
HR1985  -5.000000  -4.750000    -4.50140738
HR1985  -5.000000  -4.500000    -4.50865446
HR1985  -5.000000  -4.250000    -4.51726749
HR1985  -5.000000  -4.000000    -4.52721560
HR1985  -5.000000  -3.750000    -4.53847464
HR1985  -5.000000  -3.500000    -4.55104234
HR1985  -5.000000  -3.250000    -4.56494818
HR1985  -5.000000  -3.000000    -4.58026082
HR1985  -5.000000  -2.750000    -4.59709591
HR1985  -5.000000  -2.500000    -4.61562624
HR1985  -5.000000  -2.250000    -4.63609732
HR1985  -5.000000  -2.000000    -4.65885339
HR1985  -5.000000  -1.750000    -4.68437958
HR1985  -5.000000  -1.500000    -4.71337330
HR1985  -5.000000  -1.250000    -4.74688018
HR1985  -5.000000  -1.000000    -4.78658752
HR1985  -4.750000  -9.000000    -4.24396681
HR1985  -4.750000  -8.750000    -4.24396781
HR1985  -4.750000  -8.500000    -4.24396956
HR1985  -4.750000  -8.250000    -4.24397269
HR1985  -4.750000  -8.000000    -4.24397826
HR1985  -4.750000  -7.750000    -4.24398812
HR1985  -4.750000  -7.500000    -4.24400566
HR1985  -4.750000  -7.250000    -4.24403681
HR1985  -4.750000  -7.000000    -4.24409205
HR1985  -4.750000  -6.750000    -4.24418987
HR1985  -4.750000  -6.500000    -4.24436247
HR1985  -4.750000  -6.250000    -4.24466514
HR1985  -4.750000  -6.000000    -4.24519006
HR1985  -4.750000  -5.750000    -4.24608281
HR1985  -4.750000  -5.500000    -4.24755269
HR1985  -4.750000  -5.250000    -4.24985922
HR1985  -4.750000  -5.000000    -4.25326543
HR1985  -4.750000  -4.750000    -4.25797994
HR1985  -4.750000  -4.500000    -4.26412553
HR1985  -4.750000  -4.250000    -4.27174650
HR1985  -4.750000  -4.000000    -4.28083842
HR1985  -4.750000  -3.750000    -4.29138032
HR1985  -4.750000  -3.500000    -4.30335977
HR1985  -4.750000  -3.250000    -4.31679008
HR1985  -4.750000  -3.000000    -4.33172226
HR1985  -4.750000  -2.750000    -4.34825511
HR1985  -4.750000  -2.500000    -4.36654668
HR1985  -4.750000  -2.250000    -4.38683015
HR1985  -4.750000  -2.000000    -4.40943880
HR1985  -4.750000  -1.750000    -4.43484843
HR1985  -4.750000  -1.500000    -4.46375060
HR1985  -4.750000  -1.250000    -4.49718552
HR1985  -4.750000  -1.000000    -4.53684547
HR1985  -4.500000  -9.000000    -4.00660016
HR1985  -4.500000  -8.750000    -4.00660074
HR1985  -4.500000  -8.500000    -4.00660176
HR1985  -4.500000  -8.250000    -4.00660357
HR1985  -4.500000  -8.000000    -4.00660680
HR1985  -4.500000  -7.750000    -4.00661252
HR1985  -4.500000  -7.500000    -4.00662268
HR1985  -4.500000  -7.250000    -4.00664073
HR1985  -4.500000  -7.000000    -4.00667279
HR1985  -4.500000  -6.750000    -4.00672969
HR1985  -4.500000  -6.500000    -4.00683042
HR1985  -4.500000  -6.250000    -4.00700821
HR1985  -4.500000  -6.000000    -4.00732011
HR1985  -4.500000  -5.750000    -4.00786142
HR1985  -4.500000  -5.500000    -4.00878325
HR1985  -4.500000  -5.250000    -4.01030418
HR1985  -4.500000  -5.000000    -4.01269816
HR1985  -4.500000  -4.750000    -4.01624616
HR1985  -4.500000  -4.500000    -4.02117736
HR1985  -4.500000  -4.250000    -4.02763239
HR1985  -4.500000  -4.000000    -4.03567048
HR1985  -4.500000  -3.750000    -4.04530010
HR1985  -4.500000  -3.500000    -4.05651336
HR1985  -4.500000  -3.250000    -4.06931363
HR1985  -4.500000  -3.000000    -4.08373534
HR1985  -4.500000  -2.750000    -4.09985887
HR1985  -4.500000  -2.500000    -4.11782461
HR1985  -4.500000  -2.250000    -4.13785020
HR1985  -4.500000  -2.000000    -4.16025590
HR1985  -4.500000  -1.750000    -4.18550597
HR1985  -4.500000  -1.500000    -4.21428285
HR1985  -4.500000  -1.250000    -4.24762084
HR1985  -4.500000  -1.000000    -4.28720096
HR1985  -4.250000  -9.000000    -3.77003422
HR1985  -4.250000  -8.750000    -3.77003455
HR1985  -4.250000  -8.500000    -3.77003516
HR1985  -4.250000  -8.250000    -3.77003621
HR1985  -4.250000  -8.000000    -3.77003808
HR1985  -4.250000  -7.750000    -3.77004140
HR1985  -4.250000  -7.500000    -3.77004730
HR1985  -4.250000  -7.250000    -3.77005778
HR1985  -4.250000  -7.000000    -3.77007641
HR1985  -4.250000  -6.750000    -3.77010949
HR1985  -4.250000  -6.500000    -3.77016817
HR1985  -4.250000  -6.250000    -3.77027210
HR1985  -4.250000  -6.000000    -3.77045558
HR1985  -4.250000  -5.750000    -3.77077759
HR1985  -4.250000  -5.500000    -3.77133687
HR1985  -4.250000  -5.250000    -3.77229058
HR1985  -4.250000  -5.000000    -3.77386750
HR1985  -4.250000  -4.750000    -3.77635720
HR1985  -4.250000  -4.500000    -3.78006212
HR1985  -4.250000  -4.250000    -3.78523371
HR1985  -4.250000  -4.000000    -3.79203406
HR1985  -4.250000  -3.750000    -3.80054071
HR1985  -4.250000  -3.500000    -3.81077866
HR1985  -4.250000  -3.250000    -3.82275741
HR1985  -4.250000  -3.000000    -3.83650178
HR1985  -4.250000  -2.750000    -3.85207517
HR1985  -4.250000  -2.500000    -3.86959878
HR1985  -4.250000  -2.250000    -3.88927170
HR1985  -4.250000  -2.000000    -3.91139777
HR1985  -4.250000  -1.750000    -3.93642755
HR1985  -4.250000  -1.500000    -3.96503056
HR1985  -4.250000  -1.250000    -3.99823369
HR1985  -4.250000  -1.000000    -4.03770988
HR1985  -4.000000  -9.000000    -3.53438098
HR1985  -4.000000  -8.750000    -3.53438116
HR1985  -4.000000  -8.500000    -3.53438152
HR1985  -4.000000  -8.250000    -3.53438214
HR1985  -4.000000  -8.000000    -3.53438324
HR1985  -4.000000  -7.750000    -3.53438517
HR1985  -4.000000  -7.500000    -3.53438860
HR1985  -4.000000  -7.250000    -3.53439470
HR1985  -4.000000  -7.000000    -3.53440553
HR1985  -4.000000  -6.750000    -3.53442478
HR1985  -4.000000  -6.500000    -3.53445898
HR1985  -4.000000  -6.250000    -3.53451964
HR1985  -4.000000  -6.000000    -3.53462710
HR1985  -4.000000  -5.750000    -3.53481684
HR1985  -4.000000  -5.500000    -3.53515000
HR1985  -4.000000  -5.250000    -3.53572911
HR1985  -4.000000  -5.000000    -3.53671797
HR1985  -4.000000  -4.750000    -3.53835672
HR1985  -4.000000  -4.500000    -3.54095253
HR1985  -4.000000  -4.250000    -3.54483154
HR1985  -4.000000  -4.000000    -3.55027160
HR1985  -4.000000  -3.750000    -3.55746012
HR1985  -4.000000  -3.500000    -3.56649728
HR1985  -4.000000  -3.250000    -3.57742946
HR1985  -4.000000  -3.000000    -3.59028953
HR1985  -4.000000  -2.750000    -3.60513175
HR1985  -4.000000  -2.500000    -3.62205995
HR1985  -4.000000  -2.250000    -3.64125325
HR1985  -4.000000  -2.000000    -3.66299601
HR1985  -4.000000  -1.750000    -3.68772146
HR1985  -4.000000  -1.500000    -3.71608471
HR1985  -4.000000  -1.250000    -3.74909916
HR1985  -4.000000  -1.000000    -3.78843020
HR1985  -3.750000  -9.000000    -3.29977861
HR1985  -3.750000  -8.750000    -3.29977871
HR1985  -3.750000  -8.500000    -3.29977893
HR1985  -3.750000  -8.250000    -3.29977928
HR1985  -3.750000  -8.000000    -3.29977992
HR1985  -3.750000  -7.750000    -3.29978106
HR1985  -3.750000  -7.500000    -3.29978305
HR1985  -3.750000  -7.250000    -3.29978661
HR1985  -3.750000  -7.000000    -3.29979293
HR1985  -3.750000  -6.750000    -3.29980417
HR1985  -3.750000  -6.500000    -3.29982411
HR1985  -3.750000  -6.250000    -3.29985955
HR1985  -3.750000  -6.000000    -3.29992241
HR1985  -3.750000  -5.750000    -3.30003378
HR1985  -3.750000  -5.500000    -3.30023048
HR1985  -3.750000  -5.250000    -3.30057602
HR1985  -3.750000  -5.000000    -3.30117714
HR1985  -3.750000  -4.750000    -3.30220506
HR1985  -3.750000  -4.500000    -3.30391254
HR1985  -3.750000  -4.250000    -3.30662664
HR1985  -3.750000  -4.000000    -3.31070044
HR1985  -3.750000  -3.750000    -3.31644267
HR1985  -3.750000  -3.500000    -3.32407118
HR1985  -3.750000  -3.250000    -3.33371447
HR1985  -3.750000  -3.000000    -3.34544690
HR1985  -3.750000  -2.750000    -3.35933314
HR1985  -3.750000  -2.500000    -3.37546854
HR1985  -3.750000  -2.250000    -3.39401452
HR1985  -3.750000  -2.000000    -3.41523469
HR1985  -3.750000  -1.750000    -3.43954183
HR1985  -3.750000  -1.500000    -3.46757287
HR1985  -3.750000  -1.250000    -3.50032622
HR1985  -3.750000  -1.000000    -3.53945356
HR1985  -3.500000  -9.000000    -3.06640031
HR1985  -3.500000  -8.750000    -3.06640037
HR1985  -3.500000  -8.500000    -3.06640050
HR1985  -3.500000  -8.250000    -3.06640070
HR1985  -3.500000  -8.000000    -3.06640106
HR1985  -3.500000  -7.750000    -3.06640174
HR1985  -3.500000  -7.500000    -3.06640291
HR1985  -3.500000  -7.250000    -3.06640499
HR1985  -3.500000  -7.000000    -3.06640868
HR1985  -3.500000  -6.750000    -3.06641525
HR1985  -3.500000  -6.500000    -3.06642691
HR1985  -3.500000  -6.250000    -3.06644764
HR1985  -3.500000  -6.000000    -3.06648446
HR1985  -3.500000  -5.750000    -3.06654979
HR1985  -3.500000  -5.500000    -3.06666554
HR1985  -3.500000  -5.250000    -3.06687004
HR1985  -3.500000  -5.000000    -3.06722944
HR1985  -3.500000  -4.750000    -3.06785522
HR1985  -3.500000  -4.500000    -3.06892689
HR1985  -3.500000  -4.250000    -3.07071145
HR1985  -3.500000  -4.000000    -3.07355846
HR1985  -3.500000  -3.750000    -3.07785214
HR1985  -3.500000  -3.500000    -3.08393756
HR1985  -3.500000  -3.250000    -3.09206962
HR1985  -3.500000  -3.000000    -3.10241278
HR1985  -3.500000  -2.750000    -3.11507861
HR1985  -3.500000  -2.500000    -3.13017569
HR1985  -3.500000  -2.250000    -3.14785791
HR1985  -3.500000  -2.000000    -3.16837098
HR1985  -3.500000  -1.750000    -3.19210622
HR1985  -3.500000  -1.500000    -3.21967924
HR1985  -3.500000  -1.250000    -3.25206958
HR1985  -3.500000  -1.000000    -3.29091394
HR1985  -3.250000  -9.000000    -2.83446695
HR1985  -3.250000  -8.750000    -2.83446698
HR1985  -3.250000  -8.500000    -2.83446706
HR1985  -3.250000  -8.250000    -2.83446718
HR1985  -3.250000  -8.000000    -2.83446739
HR1985  -3.250000  -7.750000    -2.83446779
HR1985  -3.250000  -7.500000    -2.83446847
HR1985  -3.250000  -7.250000    -2.83446970
HR1985  -3.250000  -7.000000    -2.83447187
HR1985  -3.250000  -6.750000    -2.83447572
HR1985  -3.250000  -6.500000    -2.83448257
HR1985  -3.250000  -6.250000    -2.83449472
HR1985  -3.250000  -6.000000    -2.83451633
HR1985  -3.250000  -5.750000    -2.83455472
HR1985  -3.250000  -5.500000    -2.83462284
HR1985  -3.250000  -5.250000    -2.83474355
HR1985  -3.250000  -5.000000    -2.83495687
HR1985  -3.250000  -4.750000    -2.83533196
HR1985  -3.250000  -4.500000    -2.83598563
HR1985  -3.250000  -4.250000    -2.83710680
HR1985  -3.250000  -4.000000    -2.83897865
HR1985  -3.250000  -3.750000    -2.84197654
HR1985  -3.250000  -3.500000    -2.84652091
HR1985  -3.250000  -3.250000    -2.85300025
HR1985  -3.250000  -3.000000    -2.86171519
HR1985  -3.250000  -2.750000    -2.87287659
HR1985  -3.250000  -2.500000    -2.88664637
HR1985  -3.250000  -2.250000    -2.90319513
HR1985  -3.250000  -2.000000    -2.92276240
HR1985  -3.250000  -1.750000    -2.94572163
HR1985  -3.250000  -1.500000    -2.97266644
HR1985  -3.250000  -1.250000    -3.00455457
HR1985  -3.250000  -1.000000    -3.04300396
HR1985  -3.000000  -9.000000    -2.60426582
HR1985  -3.000000  -8.750000    -2.60426583
HR1985  -3.000000  -8.500000    -2.60426589
HR1985  -3.000000  -8.250000    -2.60426595
HR1985  -3.000000  -8.000000    -2.60426607
HR1985  -3.000000  -7.750000    -2.60426630
HR1985  -3.000000  -7.500000    -2.60426670
HR1985  -3.000000  -7.250000    -2.60426743
HR1985  -3.000000  -7.000000    -2.60426870
HR1985  -3.000000  -6.750000    -2.60427099
HR1985  -3.000000  -6.500000    -2.60427502
HR1985  -3.000000  -6.250000    -2.60428219
HR1985  -3.000000  -6.000000    -2.60429491
HR1985  -3.000000  -5.750000    -2.60431753
HR1985  -3.000000  -5.500000    -2.60435771
HR1985  -3.000000  -5.250000    -2.60442903
HR1985  -3.000000  -5.000000    -2.60455541
HR1985  -3.000000  -4.750000    -2.60477883
HR1985  -3.000000  -4.500000    -2.60517187
HR1985  -3.000000  -4.250000    -2.60585746
HR1985  -3.000000  -4.000000    -2.60703532
HR1985  -3.000000  -3.750000    -2.60900718
HR1985  -3.000000  -3.500000    -2.61217836
HR1985  -3.000000  -3.250000    -2.61701204
HR1985  -3.000000  -3.000000    -2.62394924
HR1985  -3.000000  -2.750000    -2.63334808
HR1985  -3.000000  -2.500000    -2.64548044
HR1985  -3.000000  -2.250000    -2.66057798
HR1985  -3.000000  -2.000000    -2.67890132
HR1985  -3.000000  -1.750000    -2.70081967
HR1985  -3.000000  -1.500000    -2.72690932
HR1985  -3.000000  -1.250000    -2.75810612
HR1985  -3.000000  -1.000000    -2.79600690
HR1985  -2.750000  -9.000000    -2.37617804
HR1985  -2.750000  -8.750000    -2.37617805
HR1985  -2.750000  -8.500000    -2.37617809
HR1985  -2.750000  -8.250000    -2.37617813
HR1985  -2.750000  -8.000000    -2.37617820
HR1985  -2.750000  -7.750000    -2.37617834
HR1985  -2.750000  -7.500000    -2.37617858
HR1985  -2.750000  -7.250000    -2.37617899
HR1985  -2.750000  -7.000000    -2.37617975
HR1985  -2.750000  -6.750000    -2.37618110
HR1985  -2.750000  -6.500000    -2.37618349
HR1985  -2.750000  -6.250000    -2.37618773
HR1985  -2.750000  -6.000000    -2.37619527
HR1985  -2.750000  -5.750000    -2.37620864
HR1985  -2.750000  -5.500000    -2.37623244
HR1985  -2.750000  -5.250000    -2.37627470
HR1985  -2.750000  -5.000000    -2.37634972
HR1985  -2.750000  -4.750000    -2.37648271
HR1985  -2.750000  -4.500000    -2.37671784
HR1985  -2.750000  -4.250000    -2.37713174
HR1985  -2.750000  -4.000000    -2.37785440
HR1985  -2.750000  -3.750000    -2.37909808
HR1985  -2.750000  -3.500000    -2.38118619
HR1985  -2.750000  -3.250000    -2.38455925
HR1985  -2.750000  -3.000000    -2.38973167
HR1985  -2.750000  -2.750000    -2.39720922
HR1985  -2.750000  -2.500000    -2.40742365
HR1985  -2.750000  -2.250000    -2.42072918
HR1985  -2.750000  -2.000000    -2.43745685
HR1985  -2.750000  -1.750000    -2.45800265
HR1985  -2.750000  -1.500000    -2.48294159
HR1985  -2.750000  -1.250000    -2.51319381
HR1985  -2.750000  -1.000000    -2.55033616
HR1985  -2.500000  -9.000000    -2.15071985
HR1985  -2.500000  -8.750000    -2.15071985
HR1985  -2.500000  -8.500000    -2.15071988
HR1985  -2.500000  -8.250000    -2.15071990
HR1985  -2.500000  -8.000000    -2.15071994
HR1985  -2.500000  -7.750000    -2.15072001
HR1985  -2.500000  -7.500000    -2.15072017
HR1985  -2.500000  -7.250000    -2.15072042
HR1985  -2.500000  -7.000000    -2.15072086
HR1985  -2.500000  -6.750000    -2.15072168
HR1985  -2.500000  -6.500000    -2.15072310
HR1985  -2.500000  -6.250000    -2.15072563
HR1985  -2.500000  -6.000000    -2.15073012
HR1985  -2.500000  -5.750000    -2.15073809
HR1985  -2.500000  -5.500000    -2.15075225
HR1985  -2.500000  -5.250000    -2.15077744
HR1985  -2.500000  -5.000000    -2.15082217
HR1985  -2.500000  -4.750000    -2.15090157
HR1985  -2.500000  -4.500000    -2.15104235
HR1985  -2.500000  -4.250000    -2.15129134
HR1985  -2.500000  -4.000000    -2.15172987
HR1985  -2.500000  -3.750000    -2.15249633
HR1985  -2.500000  -3.500000    -2.15381780
HR1985  -2.500000  -3.250000    -2.15604337
HR1985  -2.500000  -3.000000    -2.15965579
HR1985  -2.500000  -2.750000    -2.16523192
HR1985  -2.500000  -2.500000    -2.17335902
HR1985  -2.500000  -2.250000    -2.18456571
HR1985  -2.500000  -2.000000    -2.19932061
HR1985  -2.500000  -1.750000    -2.21810182
HR1985  -2.500000  -1.500000    -2.24151878
HR1985  -2.500000  -1.250000    -2.27049526
HR1985  -2.500000  -1.000000    -2.30659681
HR1985  -2.250000  -9.000000    -1.92860483
HR1985  -2.250000  -8.750000    -1.92860482
HR1985  -2.250000  -8.500000    -1.92860485
HR1985  -2.250000  -8.250000    -1.92860486
HR1985  -2.250000  -8.000000    -1.92860488
HR1985  -2.250000  -7.750000    -1.92860492
HR1985  -2.250000  -7.500000    -1.92860500
HR1985  -2.250000  -7.250000    -1.92860515
HR1985  -2.250000  -7.000000    -1.92860541
HR1985  -2.250000  -6.750000    -1.92860589
HR1985  -2.250000  -6.500000    -1.92860676
HR1985  -2.250000  -6.250000    -1.92860827
HR1985  -2.250000  -6.000000    -1.92861097
HR1985  -2.250000  -5.750000    -1.92861574
HR1985  -2.250000  -5.500000    -1.92862424
HR1985  -2.250000  -5.250000    -1.92863935
HR1985  -2.250000  -5.000000    -1.92866621
HR1985  -2.250000  -4.750000    -1.92871390
HR1985  -2.250000  -4.500000    -1.92879858
HR1985  -2.250000  -4.250000    -1.92894876
HR1985  -2.250000  -4.000000    -1.92921446
HR1985  -2.250000  -3.750000    -1.92968271
HR1985  -2.250000  -3.500000    -1.93050202
HR1985  -2.250000  -3.250000    -1.93191739
HR1985  -2.250000  -3.000000    -1.93430904
HR1985  -2.250000  -2.750000    -1.93821134
HR1985  -2.250000  -2.500000    -1.94427922
HR1985  -2.250000  -2.250000    -1.95320523
HR1985  -2.250000  -2.000000    -1.96564936
HR1985  -2.250000  -1.750000    -1.98224567
HR1985  -2.250000  -1.500000    -2.00370073
HR1985  -2.250000  -1.250000    -2.03098387
HR1985  -2.250000  -1.000000    -2.06567340
HR1985  -2.000000  -9.000000    -1.71083605
HR1985  -2.000000  -8.750000    -1.71083604
HR1985  -2.000000  -8.500000    -1.71083606
HR1985  -2.000000  -8.250000    -1.71083606
HR1985  -2.000000  -8.000000    -1.71083607
HR1985  -2.000000  -7.750000    -1.71083610
HR1985  -2.000000  -7.500000    -1.71083615
HR1985  -2.000000  -7.250000    -1.71083624
HR1985  -2.000000  -7.000000    -1.71083641
HR1985  -2.000000  -6.750000    -1.71083670
HR1985  -2.000000  -6.500000    -1.71083721
HR1985  -2.000000  -6.250000    -1.71083814
HR1985  -2.000000  -6.000000    -1.71083978
HR1985  -2.000000  -5.750000    -1.71084269
HR1985  -2.000000  -5.500000    -1.71084783
HR1985  -2.000000  -5.250000    -1.71085699
HR1985  -2.000000  -5.000000    -1.71087326
HR1985  -2.000000  -4.750000    -1.71090218
HR1985  -2.000000  -4.500000    -1.71095356
HR1985  -2.000000  -4.250000    -1.71104479
HR1985  -2.000000  -4.000000    -1.71120661
HR1985  -2.000000  -3.750000    -1.71149303
HR1985  -2.000000  -3.500000    -1.71199812
HR1985  -2.000000  -3.250000    -1.71288292
HR1985  -2.000000  -3.000000    -1.71441463
HR1985  -2.000000  -2.750000    -1.71701225
HR1985  -2.000000  -2.500000    -1.72127506
HR1985  -2.000000  -2.250000    -1.72795837
HR1985  -2.000000  -2.000000    -1.73789535
HR1985  -2.000000  -1.750000    -1.75193166
HR1985  -2.000000  -1.500000    -1.77095302
HR1985  -2.000000  -1.250000    -1.79604643
HR1985  -2.000000  -1.000000    -1.82885334
HR1985  -1.750000  -9.000000    -1.49884214
HR1985  -1.750000  -8.750000    -1.49884213
HR1985  -1.750000  -8.500000    -1.49884215
HR1985  -1.750000  -8.250000    -1.49884216
HR1985  -1.750000  -8.000000    -1.49884216
HR1985  -1.750000  -7.750000    -1.49884218
HR1985  -1.750000  -7.500000    -1.49884222
HR1985  -1.750000  -7.250000    -1.49884227
HR1985  -1.750000  -7.000000    -1.49884236
HR1985  -1.750000  -6.750000    -1.49884254
HR1985  -1.750000  -6.500000    -1.49884284
HR1985  -1.750000  -6.250000    -1.49884340
HR1985  -1.750000  -6.000000    -1.49884441
HR1985  -1.750000  -5.750000    -1.49884620
HR1985  -1.750000  -5.500000    -1.49884937
HR1985  -1.750000  -5.250000    -1.49885498
HR1985  -1.750000  -5.000000    -1.49886497
HR1985  -1.750000  -4.750000    -1.49888273
HR1985  -1.750000  -4.500000    -1.49891431
HR1985  -1.750000  -4.250000    -1.49897040
HR1985  -1.750000  -4.000000    -1.49907000
HR1985  -1.750000  -3.750000    -1.49924670
HR1985  -1.750000  -3.500000    -1.49955959
HR1985  -1.750000  -3.250000    -1.50011176
HR1985  -1.750000  -3.000000    -1.50108031
HR1985  -1.750000  -2.750000    -1.50276086
HR1985  -1.750000  -2.500000    -1.50562227
HR1985  -1.750000  -2.250000    -1.51034832
HR1985  -1.750000  -2.000000    -1.51782819
HR1985  -1.750000  -1.750000    -1.52909114
HR1985  -1.750000  -1.500000    -1.54525960
HR1985  -1.750000  -1.250000    -1.56763034
HR1985  -1.750000  -1.000000    -1.59799255
HR1985  -1.500000  -9.000000    -1.29466200
HR1985  -1.500000  -8.750000    -1.29466200
HR1985  -1.500000  -8.500000    -1.29466201
HR1985  -1.500000  -8.250000    -1.29466201
HR1985  -1.500000  -8.000000    -1.29466201
HR1985  -1.500000  -7.750000    -1.29466202
HR1985  -1.500000  -7.500000    -1.29466204
HR1985  -1.500000  -7.250000    -1.29466207
HR1985  -1.500000  -7.000000    -1.29466214
HR1985  -1.500000  -6.750000    -1.29466225
HR1985  -1.500000  -6.500000    -1.29466245
HR1985  -1.500000  -6.250000    -1.29466280
HR1985  -1.500000  -6.000000    -1.29466342
HR1985  -1.500000  -5.750000    -1.29466454
HR1985  -1.500000  -5.500000    -1.29466654
HR1985  -1.500000  -5.250000    -1.29467007
HR1985  -1.500000  -5.000000    -1.29467632
HR1985  -1.500000  -4.750000    -1.29468743
HR1985  -1.500000  -4.500000    -1.29470717
HR1985  -1.500000  -4.250000    -1.29474225
HR1985  -1.500000  -4.000000    -1.29480460
HR1985  -1.500000  -3.750000    -1.29491533
HR1985  -1.500000  -3.500000    -1.29511182
HR1985  -1.500000  -3.250000    -1.29545988
HR1985  -1.500000  -3.000000    -1.29607462
HR1985  -1.500000  -2.750000    -1.29715445
HR1985  -1.500000  -2.500000    -1.29903293
HR1985  -1.500000  -2.250000    -1.30224568
HR1985  -1.500000  -2.000000    -1.30759122
HR1985  -1.500000  -1.750000    -1.31614605
HR1985  -1.500000  -1.500000    -1.32922869
HR1985  -1.500000  -1.250000    -1.34840522
HR1985  -1.500000  -1.000000    -1.37571723
HR1985  -1.250000  -9.000000    -1.10116673
HR1985  -1.250000  -8.750000    -1.10116671
HR1985  -1.250000  -8.500000    -1.10116674
HR1985  -1.250000  -8.250000    -1.10116674
HR1985  -1.250000  -8.000000    -1.10116674
HR1985  -1.250000  -7.750000    -1.10116675
HR1985  -1.250000  -7.500000    -1.10116675
HR1985  -1.250000  -7.250000    -1.10116676
HR1985  -1.250000  -7.000000    -1.10116681
HR1985  -1.250000  -6.750000    -1.10116688
HR1985  -1.250000  -6.500000    -1.10116698
HR1985  -1.250000  -6.250000    -1.10116721
HR1985  -1.250000  -6.000000    -1.10116760
HR1985  -1.250000  -5.750000    -1.10116830
HR1985  -1.250000  -5.500000    -1.10116960
HR1985  -1.250000  -5.250000    -1.10117186
HR1985  -1.250000  -5.000000    -1.10117585
HR1985  -1.250000  -4.750000    -1.10118299
HR1985  -1.250000  -4.500000    -1.10119565
HR1985  -1.250000  -4.250000    -1.10121814
HR1985  -1.250000  -4.000000    -1.10125814
HR1985  -1.250000  -3.750000    -1.10132916
HR1985  -1.250000  -3.500000    -1.10145533
HR1985  -1.250000  -3.250000    -1.10167928
HR1985  -1.250000  -3.000000    -1.10207617
HR1985  -1.250000  -2.750000    -1.10277779
HR1985  -1.250000  -2.500000    -1.10401228
HR1985  -1.250000  -2.250000    -1.10616613
HR1985  -1.250000  -2.000000    -1.10986903
HR1985  -1.250000  -1.750000    -1.11608386
HR1985  -1.250000  -1.500000    -1.12616556
HR1985  -1.250000  -1.250000    -1.14189256
HR1985  -1.250000  -1.000000    -1.16561894
HR1985  -1.000000  -9.000000    -0.92223137
HR1985  -1.000000  -8.750000    -0.92223137
HR1985  -1.000000  -8.500000    -0.92223138
HR1985  -1.000000  -8.250000    -0.92223137
HR1985  -1.000000  -8.000000    -0.92223137
HR1985  -1.000000  -7.750000    -0.92223137
HR1985  -1.000000  -7.500000    -0.92223138
HR1985  -1.000000  -7.250000    -0.92223140
HR1985  -1.000000  -7.000000    -0.92223142
HR1985  -1.000000  -6.750000    -0.92223148
HR1985  -1.000000  -6.500000    -0.92223157
HR1985  -1.000000  -6.250000    -0.92223171
HR1985  -1.000000  -6.000000    -0.92223198
HR1985  -1.000000  -5.750000    -0.92223243
HR1985  -1.000000  -5.500000    -0.92223326
HR1985  -1.000000  -5.250000    -0.92223476
HR1985  -1.000000  -5.000000    -0.92223747
HR1985  -1.000000  -4.750000    -0.92224219
HR1985  -1.000000  -4.500000    -0.92225057
HR1985  -1.000000  -4.250000    -0.92226546
HR1985  -1.000000  -4.000000    -0.92229195
HR1985  -1.000000  -3.750000    -0.92233903
HR1985  -1.000000  -3.500000    -0.92242270
HR1985  -1.000000  -3.250000    -0.92257135
HR1985  -1.000000  -3.000000    -0.92283531
HR1985  -1.000000  -2.750000    -0.92330342
HR1985  -1.000000  -2.500000    -0.92413184
HR1985  -1.000000  -2.250000    -0.92559232
HR1985  -1.000000  -2.000000    -0.92814948
HR1985  -1.000000  -1.750000    -0.93257332
HR1985  -1.000000  -1.500000    -0.94007807
HR1985  -1.000000  -1.250000    -0.95246549
HR1985  -1.000000  -1.000000    -0.97232077
HR1985  -0.750000  -9.000000    -0.76263614
HR1985  -0.750000  -8.750000    -0.76263613
HR1985  -0.750000  -8.500000    -0.76263614
HR1985  -0.750000  -8.250000    -0.76263614
HR1985  -0.750000  -8.000000    -0.76263613
HR1985  -0.750000  -7.750000    -0.76263613
HR1985  -0.750000  -7.500000    -0.76263614
HR1985  -0.750000  -7.250000    -0.76263615
HR1985  -0.750000  -7.000000    -0.76263617
HR1985  -0.750000  -6.750000    -0.76263620
HR1985  -0.750000  -6.500000    -0.76263626
HR1985  -0.750000  -6.250000    -0.76263636
HR1985  -0.750000  -6.000000    -0.76263654
HR1985  -0.750000  -5.750000    -0.76263687
HR1985  -0.750000  -5.500000    -0.76263741
HR1985  -0.750000  -5.250000    -0.76263844
HR1985  -0.750000  -5.000000    -0.76264029
HR1985  -0.750000  -4.750000    -0.76264359
HR1985  -0.750000  -4.500000    -0.76264938
HR1985  -0.750000  -4.250000    -0.76265970
HR1985  -0.750000  -4.000000    -0.76267804
HR1985  -0.750000  -3.750000    -0.76271068
HR1985  -0.750000  -3.500000    -0.76276866
HR1985  -0.750000  -3.250000    -0.76287171
HR1985  -0.750000  -3.000000    -0.76305487
HR1985  -0.750000  -2.750000    -0.76338024
HR1985  -0.750000  -2.500000    -0.76395769
HR1985  -0.750000  -2.250000    -0.76498102
HR1985  -0.750000  -2.000000    -0.76678956
HR1985  -0.750000  -1.750000    -0.76997022
HR1985  -0.750000  -1.500000    -0.77551637
HR1985  -0.750000  -1.250000    -0.78505584
HR1985  -0.750000  -1.000000    -0.80117448
HR1985  -0.500000  -9.000000    -0.62733132
HR1985  -0.500000  -8.750000    -0.62733131
HR1985  -0.500000  -8.500000    -0.62733131
HR1985  -0.500000  -8.250000    -0.62733131
HR1985  -0.500000  -8.000000    -0.62733130
HR1985  -0.500000  -7.750000    -0.62733130
HR1985  -0.500000  -7.500000    -0.62733130
HR1985  -0.500000  -7.250000    -0.62733130
HR1985  -0.500000  -7.000000    -0.62733132
HR1985  -0.500000  -6.750000    -0.62733134
HR1985  -0.500000  -6.500000    -0.62733138
HR1985  -0.500000  -6.250000    -0.62733146
HR1985  -0.500000  -6.000000    -0.62733159
HR1985  -0.500000  -5.750000    -0.62733183
HR1985  -0.500000  -5.500000    -0.62733226
HR1985  -0.500000  -5.250000    -0.62733299
HR1985  -0.500000  -5.000000    -0.62733432
HR1985  -0.500000  -4.750000    -0.62733678
HR1985  -0.500000  -4.500000    -0.62734103
HR1985  -0.500000  -4.250000    -0.62734859
HR1985  -0.500000  -4.000000    -0.62736209
HR1985  -0.500000  -3.750000    -0.62738599
HR1985  -0.500000  -3.500000    -0.62742847
HR1985  -0.500000  -3.250000    -0.62750401
HR1985  -0.500000  -3.000000    -0.62763827
HR1985  -0.500000  -2.750000    -0.62787695
HR1985  -0.500000  -2.500000    -0.62830119
HR1985  -0.500000  -2.250000    -0.62905488
HR1985  -0.500000  -2.000000    -0.63039287
HR1985  -0.500000  -1.750000    -0.63276510
HR1985  -0.500000  -1.500000    -0.63696095
HR1985  -0.500000  -1.250000    -0.64435263
HR1985  -0.500000  -1.000000    -0.65730039
HR1985  -0.250000  -9.000000    -0.51987689
HR1985  -0.250000  -8.750000    -0.51987687
HR1985  -0.250000  -8.500000    -0.51987687
HR1985  -0.250000  -8.250000    -0.51987686
HR1985  -0.250000  -8.000000    -0.51987685
HR1985  -0.250000  -7.750000    -0.51987685
HR1985  -0.250000  -7.500000    -0.51987686
HR1985  -0.250000  -7.250000    -0.51987685
HR1985  -0.250000  -7.000000    -0.51987686
HR1985  -0.250000  -6.750000    -0.51987688
HR1985  -0.250000  -6.500000    -0.51987691
HR1985  -0.250000  -6.250000    -0.51987697
HR1985  -0.250000  -6.000000    -0.51987707
HR1985  -0.250000  -5.750000    -0.51987726
HR1985  -0.250000  -5.500000    -0.51987759
HR1985  -0.250000  -5.250000    -0.51987819
HR1985  -0.250000  -5.000000    -0.51987921
HR1985  -0.250000  -4.750000    -0.51988107
HR1985  -0.250000  -4.500000    -0.51988442
HR1985  -0.250000  -4.250000    -0.51989040
HR1985  -0.250000  -4.000000    -0.51990096
HR1985  -0.250000  -3.750000    -0.51991963
HR1985  -0.250000  -3.500000    -0.51995282
HR1985  -0.250000  -3.250000    -0.52001183
HR1985  -0.250000  -3.000000    -0.52011673
HR1985  -0.250000  -2.750000    -0.52030326
HR1985  -0.250000  -2.500000    -0.52063498
HR1985  -0.250000  -2.250000    -0.52122498
HR1985  -0.250000  -2.000000    -0.52227447
HR1985  -0.250000  -1.750000    -0.52414185
HR1985  -0.250000  -1.500000    -0.52746599
HR1985  -0.250000  -1.250000    -0.53338839
HR1985  -0.250000  -1.000000    -0.54395918
HR1985   0.000000  -9.000000    -0.44068961
HR1985   0.000000  -8.750000    -0.44068959
HR1985   0.000000  -8.500000    -0.44068959
HR1985   0.000000  -8.250000    -0.44068957
HR1985   0.000000  -8.000000    -0.44068955
HR1985   0.000000  -7.750000    -0.44068955
HR1985   0.000000  -7.500000    -0.44068956
HR1985   0.000000  -7.250000    -0.44068955
HR1985   0.000000  -7.000000    -0.44068956
HR1985   0.000000  -6.750000    -0.44068957
HR1985   0.000000  -6.500000    -0.44068959
HR1985   0.000000  -6.250000    -0.44068964
HR1985   0.000000  -6.000000    -0.44068973
HR1985   0.000000  -5.750000    -0.44068989
HR1985   0.000000  -5.500000    -0.44069016
HR1985   0.000000  -5.250000    -0.44069064
HR1985   0.000000  -5.000000    -0.44069153
HR1985   0.000000  -4.750000    -0.44069304
HR1985   0.000000  -4.500000    -0.44069580
HR1985   0.000000  -4.250000    -0.44070078
HR1985   0.000000  -4.000000    -0.44070964
HR1985   0.000000  -3.750000    -0.44072525
HR1985   0.000000  -3.500000    -0.44075296
HR1985   0.000000  -3.250000    -0.44080215
HR1985   0.000000  -3.000000    -0.44088970
HR1985   0.000000  -2.750000    -0.44104515
HR1985   0.000000  -2.500000    -0.44132170
HR1985   0.000000  -2.250000    -0.44181384
HR1985   0.000000  -2.000000    -0.44268992
HR1985   0.000000  -1.750000    -0.44425074
HR1985   0.000000  -1.500000    -0.44703572
HR1985   0.000000  -1.250000    -0.45201844
HR1985   0.000000  -1.000000    -0.46097694
